Qtd Documentos Pendentes - Monitor (processados mas não baixados pelo ac)?

Caminho:	Aba Composer
			GET
Endereço:	https://hom.fortesdoc.com.br/api/documento/pendentes
Cabeçalho:	authorization-token: 41,171,125,198,34,124,78,248,44,82,129,55,58,240,10,47,64,173,130,73,163,20,58,249,86,35,180,32,96,224,246,120,194,201,46,110,113,153,128,237,50,229,245,151,109,204,3,161,145,148,126,143,202,162,213,232,183,217,58,104,77,61,163,79,175,192,165,219,17,192,205,191,92,131,68,89,137,65,114,237,163,105,92,186,45,133,211,155,254,219,48,246,147,211,194,243,178,218,161,38,65,26,209,204,3,120,184,56,149,19,199,88,45,5,49,98,193,108,212,92,195,246,19,158,106,19,166,65
	Obs:	Cabeçalho é o token do assinante

Endereço:	https://hom.fortesdoc.com.br/api/documento/pendentes?$inlinecount=allpages
Cabeçalho:	authorization-token: 41,171,125,198,34,124,78,248,44,82,129,55,58,240,10,47,64,173,130,73,163,20,58,249,86,35,180,32,96,224,246,120,194,201,46,110,113,153,128,237,50,229,245,151,109,204,3,161,145,148,126,143,202,162,213,232,183,217,58,104,77,61,163,79,175,192,165,219,17,192,205,191,92,131,68,89,137,65,114,237,163,105,92,186,45,133,211,155,254,219,48,246,147,211,194,243,178,218,161,38,65,26,209,204,3,120,184,56,149,19,199,88,45,5,49,98,193,108,212,92,195,246,19,158,106,19,166,65
	Obs:	Cabeçalho é o token do assinante
para apresentar total

Resul: código 200 - Consulta com sucesso
	Obs:	Quando começa com 2 significa de ocorreu tudo ok, mas a sua variação, 201, 20..., tem significados diferentes